service_id,monday,tuesday,wednesday,thursday,friday,saturday,sunday,start_date,end_date
2020-M01_A-Lun-Mer-09,1,1,1,0,0,0,0,20200203,20200415
2020-M01_A-Jeu-Ven-10,0,0,0,1,1,0,0,20200206,20200417
2020-M01_A-Jeu-Ven-10-0001100,0,0,0,1,1,0,0,20200206,20200417
2020-M01_B-Samedi-02,0,0,0,0,0,1,0,20200208,20200502
2020-M01_C-Dimanche-04,0,0,0,0,0,0,1,20200209,20200503
2020-M01_H2-Lun-Mer-09,1,1,1,0,0,0,0,20200224,20200429
2020-M01_H2-Jeu-Ven-10,0,0,0,1,1,0,0,20200227,20200430
2020-M01_H2-Jeu-Ven-10-0001100,0,0,0,1,1,0,0,20200227,20200430
2020-M01_C-Dimanche-06,0,0,0,0,0,0,1,20200412,20200412
2020-M02_A2-Lun-Mer-03,1,1,1,0,0,0,0,20200203,20200415
2020-M02_A2-Jeu-Ven-04,0,0,0,1,1,0,0,20200206,20200417
2020-M02_A2-Jeu-Ven-04-0001100,0,0,0,1,1,0,0,20200206,20200417
2020-M02_B2-Samedi-01,0,0,0,0,0,1,0,20200208,20200502
2020-M02_C2-Dimanche-01,0,0,0,0,0,0,1,20200209,20200503
2020-M02_H2-Lun-Mer-03,1,1,1,0,0,0,0,20200224,20200429
2020-M02_H2-Jeu-Ven-04,0,0,0,1,1,0,0,20200227,20200430
2020-M02_H2-Jeu-Ven-04-0001100,0,0,0,1,1,0,0,20200227,20200430
2020-M02_C-Dimanche-02,0,0,0,0,0,0,1,20200412,20200412
2020-M04_A2-Lun-Mer-01,1,1,1,0,0,0,0,20200203,20200415
2020-M04_A2-Jeu-Ven-02,0,0,0,1,1,0,0,20200206,20200417
2020-M04_A2-Jeu-Ven-02-0001100,0,0,0,1,1,0,0,20200206,20200417
2020-M04_B2-Samedi-01,0,0,0,0,0,1,0,20200208,20200502
2020-M04_C2-Dimanche-01,0,0,0,0,0,0,1,20200209,20200503
2020-M04_H2-Lun-Mer-01,1,1,1,0,0,0,0,20200224,20200429
2020-M04_H2-Jeu-Ven-02,0,0,0,1,1,0,0,20200227,20200430
2020-M04_H2-Jeu-Ven-02-0001100,0,0,0,1,1,0,0,20200227,20200430
2020-M04_C2-Dimanche-02,0,0,0,0,0,0,1,20200412,20200412
2020-M05_A-Lun-Mer-03,1,1,1,0,0,0,0,20200203,20200415
2020-M05_A-Jeu-Ven-04,0,0,0,1,1,0,0,20200206,20200417
2020-M05_A-Jeu-Ven-04-0001100,0,0,0,1,1,0,0,20200206,20200417
2020-M05_B-Samedi-02,0,0,0,0,0,1,0,20200208,20200502
2020-M05_C-Dimanche-03,0,0,0,0,0,0,1,20200209,20200503
2020-M05_H-Lun-Mer-03,1,1,1,0,0,0,0,20200224,20200429
2020-M05_H-Jeu-Ven-04,0,0,0,1,1,0,0,20200227,20200430
2020-M05_H-Jeu-Ven-04-0001100,0,0,0,1,1,0,0,20200227,20200430
2020-M05_C-Dimanche-04,0,0,0,0,0,0,1,20200412,20200412
2020-M07_A-Lun-Mer-01,1,1,1,0,0,0,0,20200203,20200415
2020-M07_A-Jeu-Ven-02,0,0,0,1,1,0,0,20200206,20200417
2020-M07_A-Jeu-Ven-02-0001100,0,0,0,1,1,0,0,20200206,20200417
2020-M07_B-Samedi-01,0,0,0,0,0,1,0,20200208,20200502
2020-M07_C-Dimanche-01,0,0,0,0,0,0,1,20200209,20200503
2020-M07_H-Lun-Mer-01,1,1,1,0,0,0,0,20200224,20200429
2020-M07_H-Jeu-Ven-02,0,0,0,1,1,0,0,20200227,20200430
2020-M07_H-Jeu-Ven-02-0001100,0,0,0,1,1,0,0,20200227,20200430
2020-M07_C-Dimanche-02,0,0,0,0,0,0,1,20200412,20200412
2020-M08_A-Lun-Mer-05,1,1,1,0,0,0,0,20200203,20200415
2020-M08_A-Jeu-Ven-06,0,0,0,1,1,0,0,20200206,20200417
2020-M08_A-Jeu-Ven-06-0001100,0,0,0,1,1,0,0,20200206,20200417
2020-M08_B-Samedi-01,0,0,0,0,0,1,0,20200208,20200502
2020-M08_C-Dimanche-01,0,0,0,0,0,0,1,20200209,20200503
2020-M08_H-Lun-Mer-01,1,1,1,0,0,0,0,20200224,20200429
2020-M08_H-Jeu-Ven-02,0,0,0,1,1,0,0,20200227,20200430
2020-M08_H-Jeu-Ven-02-0001100,0,0,0,1,1,0,0,20200227,20200430
2020-M08_C-Dimanche-02,0,0,0,0,0,0,1,20200412,20200412
2020-M09_A-Lun-Mer-05,1,1,1,0,0,0,0,20200203,20200415
2020-M09_A-Jeu-Ven-06,0,0,0,1,1,0,0,20200206,20200417
2020-M09_A-Jeu-Ven-06-0001100,0,0,0,1,1,0,0,20200206,20200417
2020-M09_B-Samedi-06,0,0,0,0,0,1,0,20200208,20200502
2020-M09_C-Dimanche-03,0,0,0,0,0,0,1,20200209,20200503
2020-M09_B-Samedi-07,0,0,0,0,0,1,0,20200215,20200215
2020-M09_H-Lun-Mer-01,1,1,1,0,0,0,0,20200224,20200429
2020-M09_H-Jeu-Ven-02,0,0,0,1,1,0,0,20200227,20200430
2020-M09_H-Jeu-Ven-02-0001100,0,0,0,1,1,0,0,20200227,20200430
2020-M09_C-Dimanche-02,0,0,0,0,0,0,1,20200412,20200412
2020-M10_A1-Lun-Mer-23,1,1,1,0,0,0,0,20200203,20200415
2020-M10_A1-Jeu-Ven-24,0,0,0,1,1,0,0,20200206,20200417
2020-M10_A1-Jeu-Ven-24-0001100,0,0,0,1,1,0,0,20200206,20200417
2020-M10_B-Samedi-06,0,0,0,0,0,1,0,20200208,20200502
2020-M10_C1-Dimanche-08,0,0,0,0,0,0,1,20200209,20200503
2020-M10_C2-Dimanche-07,0,0,0,0,0,0,1,20200223,20200419
2020-M10_H-Lun-Mer-13,1,1,1,0,0,0,0,20200224,20200429
2020-M10_H-Jeu-Ven-14,0,0,0,1,1,0,0,20200227,20200430
2020-M10_H-Jeu-Ven-14-0001100,0,0,0,1,1,0,0,20200227,20200430
2020-M10_C2-Dimanche-09,0,0,0,0,0,0,1,20200412,20200412
2020-M11_A2-Lun-Mer-03,1,1,1,0,0,0,0,20200203,20200415
2020-M11_A2-Jeu-Ven-04,0,0,0,1,1,0,0,20200206,20200417
2020-M11_A2-Jeu-Ven-04-0001100,0,0,0,1,1,0,0,20200206,20200417
2020-M11_B2-Samedi-01,0,0,0,0,0,1,0,20200208,20200502
2020-M11_C2-Dimanche-01,0,0,0,0,0,0,1,20200209,20200503
2020-M11_H2-Lun-Mer-01,1,1,1,0,0,0,0,20200224,20200429
2020-M11_H2-Jeu-Ven-02,0,0,0,1,1,0,0,20200227,20200430
2020-M11_H2-Jeu-Ven-02-0001100,0,0,0,1,1,0,0,20200227,20200430
2020-M11_C2-Dimanche-02,0,0,0,0,0,0,1,20200412,20200412
2020-M15_A-Lun-Mer-05,1,1,1,0,0,0,0,20200203,20200415
2020-M15_A-Jeu-Ven-06,0,0,0,1,1,0,0,20200206,20200417
2020-M15_A-Jeu-Ven-06-0001100,0,0,0,1,1,0,0,20200206,20200417
2020-M15_B-Samedi-03,0,0,0,0,0,1,0,20200208,20200502
2020-M15_C-Dimanche-01,0,0,0,0,0,0,1,20200209,20200503
2020-M15_H-Lun-Mer-05,1,1,1,0,0,0,0,20200224,20200429
2020-M15_H-Jeu-Ven-06,0,0,0,1,1,0,0,20200227,20200430
2020-M15_H-Jeu-Ven-06-0001100,0,0,0,1,1,0,0,20200227,20200430
2020-M15_C-Dimanche-02,0,0,0,0,0,0,1,20200412,20200412
2020-M16_A-Lun-Mer-07,1,1,1,0,0,0,0,20200203,20200415
2020-M16_A-Jeu-Ven-08,0,0,0,1,1,0,0,20200206,20200417
2020-M16_A-Jeu-Ven-08-0001100,0,0,0,1,1,0,0,20200206,20200417
2020-M16_B-Samedi-03,0,0,0,0,0,1,0,20200208,20200502
2020-M16_C-Dimanche-04,0,0,0,0,0,0,1,20200209,20200503
2020-M16_H-Lun-Mer-05,1,1,1,0,0,0,0,20200224,20200429
2020-M16_H-Jeu-Ven-06,0,0,0,1,1,0,0,20200227,20200430
2020-M16_H-Jeu-Ven-06-0001100,0,0,0,1,1,0,0,20200227,20200430
2020-M16_C-Dimanche-05,0,0,0,0,0,0,1,20200412,20200412
2020-M19_A2-Vendredi-33,0,0,0,0,1,0,0,20200207,20200207
2020-M19_B2-Samedi-33,0,0,0,0,0,1,0,20200208,20200208
2020-M19_C2-Dimanche-33,0,0,0,0,0,0,1,20200209,20200209
2020-M19_A2-Mercredi-34,0,0,1,0,0,0,0,20200212,20200212
2020-M19_A1-Jeudi-35,0,0,0,1,0,0,0,20200213,20200213
2020-M19_A2-Vendredi-36,0,0,0,0,1,0,0,20200221,20200221
2020-M19_B2-Samedi-36,0,0,0,0,0,1,0,20200222,20200222
2020-M19_C2-Dimanche-36,0,0,0,0,0,0,1,20200223,20200223
2020-M20_A-Semaine-02,1,1,1,1,1,0,0,20200203,20200417
2020-M20_B-Samedi-01,0,0,0,0,0,1,0,20200208,20200502
2020-M20_C-Dimanche-02,0,0,0,0,0,0,1,20200209,20200503
2020-M20_H-Semaine-02,1,1,1,1,1,0,0,20200224,20200430
2020-M21_A2-Semaine-01,1,1,1,1,1,0,0,20200203,20200430
2020-M21_B2-Samedi-01,0,0,0,0,0,1,0,20200208,20200502
2020-M21_C2-Dimanche-01,0,0,0,0,0,0,1,20200209,20200503
2020-M22_A-Semaine-01,1,1,1,1,1,0,0,20200203,20200430
2020-M22_B-Samedi-01,0,0,0,0,0,1,0,20200208,20200502
2020-M22_C-Dimanche-01,0,0,0,0,0,0,1,20200209,20200503
2020-M23_A-Semaine-08,1,1,1,1,1,0,0,20200203,20200417
2020-M23_B-Samedi-06,0,0,0,0,0,1,0,20200208,20200502
2020-M23_C-Dimanche-04,0,0,0,0,0,0,1,20200209,20200503
2020-M23_H-Semaine-06,1,1,1,1,1,0,0,20200224,20200430
2020-M25_A-Semaine-01,1,1,1,1,1,0,0,20200203,20200430
2020-M25_B-Samedi-01,0,0,0,0,0,1,0,20200208,20200502
2020-M26_A-Semaine-02,1,1,1,1,1,0,0,20200203,20200417
2020-M26_B-Samedi-02,0,0,0,0,0,1,0,20200208,20200502
2020-M26_C-Dimanche-02,0,0,0,0,0,0,1,20200209,20200503
2020-M26_H-Semaine-02,1,1,1,1,1,0,0,20200224,20200430
2020-M27_A-Semaine-04,1,1,1,1,1,0,0,20200203,20200417
2020-M27_B-Samedi-01,0,0,0,0,0,1,0,20200208,20200502
2020-M27_C-Dimanche-01,0,0,0,0,0,0,1,20200209,20200503
2020-M27_H-Semaine-02,1,1,1,1,1,0,0,20200224,20200430
2020-M29_A-Lundi-14,1,0,0,0,0,0,0,20200203,20200406
2020-M29_A-Lundi-14-1000000,1,0,0,0,0,0,0,20200203,20200406
2020-M29_A-Mardi-15,0,1,0,0,0,0,0,20200204,20200414
2020-M29_A-Mardi-15-0100000,0,1,0,0,0,0,0,20200204,20200414
2020-M29_A-Mercredi-16,0,0,1,0,0,0,0,20200205,20200415
2020-M29_A-Mercredi-16-0010000,0,0,1,0,0,0,0,20200205,20200415
2020-M29_A-Jeu-Ven-17,0,0,0,1,1,0,0,20200206,20200417
2020-M29_A-Jeu-Ven-17-0001100,0,0,0,1,1,0,0,20200206,20200417
2020-M29_B-Samedi-03,0,0,0,0,0,1,0,20200208,20200502
2020-M29_C-Dimanche-06,0,0,0,0,0,0,1,20200209,20200503
2020-M29_H-Lun-Mer-05,1,1,1,0,0,0,0,20200224,20200429
2020-M29_H-Jeu-Ven-06,0,0,0,1,1,0,0,20200227,20200430
2020-M29_H-Jeu-Ven-06-0001100,0,0,0,1,1,0,0,20200227,20200430
2020-M30_A3-Semaine-05,1,1,1,1,1,0,0,20200203,20200417
2020-M30_B2-Samedi-04,0,0,0,0,0,1,0,20200208,20200502
2020-M30_C-Dimanche-03,0,0,0,0,0,0,1,20200209,20200503
2020-M30_H3-Semaine-05,1,1,1,1,1,0,0,20200224,20200430
2020-M32_A-Semaine-01,1,1,1,1,1,0,0,20200203,20200430
2020-M32_B-Samedi-01,0,0,0,0,0,1,0,20200208,20200502
2020-M33_A2-Semaine-05,1,1,1,1,1,0,0,20200203,20200417
2020-M33_B2-Samedi-02,0,0,0,0,0,1,0,20200208,20200502
2020-M33_C2-Dimanche-01,0,0,0,0,0,0,1,20200209,20200503
2020-M33_H2-Semaine-03,1,1,1,1,1,0,0,20200224,20200430
2020-M34_A-Semaine-04,1,1,1,1,1,0,0,20200203,20200417
2020-M34_B-Samedi-01,0,0,0,0,0,1,0,20200208,20200502
2020-M34_H-Semaine-01,1,1,1,1,1,0,0,20200224,20200430
2020-M36_A3-Semaine-03,1,1,1,1,1,0,0,20200203,20200430
2020-M36_B-Samedi-03,0,0,0,0,0,1,0,20200208,20200502
2020-M37_A-L-Ma-J-V-01,1,1,0,1,1,0,0,20200203,20200417
2020-M37_A-L-Ma-J-V-01-1101100,1,1,0,1,1,0,0,20200203,20200417
2020-M37_A-Mercredi-02,0,0,1,0,0,0,0,20200205,20200415
2020-M37_A-Mercredi-02-0010000,0,0,1,0,0,0,0,20200205,20200415
2020-M37_B-Samedi-01,0,0,0,0,0,1,0,20200208,20200502
2020-M37_H-Semaine-01,1,1,1,1,1,0,0,20200224,20200430
2020-M39_A-Semaine-04,1,1,1,1,1,0,0,20200203,20200501
2020-M39_B-Samedi-02,0,0,0,0,0,1,0,20200208,20200502
2020-M40_A-Semaine-02,1,1,1,1,1,0,0,20200203,20200417
2020-M40_B-Samedi-01,0,0,0,0,0,1,0,20200208,20200502
2020-M40_H-Semaine-01,1,1,1,1,1,0,0,20200224,20200430
2020-M41_A-Semaine-01,1,1,1,1,1,0,0,20200203,20200430
2020-M41_B-Samedi-01,0,0,0,0,0,1,0,20200208,20200502
2020-M42_A-Semaine-01,1,1,1,1,1,0,0,20200203,20200417
2020-M42_B-Samedi-01,0,0,0,0,0,1,0,20200208,20200502
2020-M42_H-Semaine-01,1,1,1,1,1,0,0,20200224,20200430
2020-M43_A-Semaine-01,1,1,1,1,1,0,0,20200203,20200430
2020-M43_B-Samedi-01,0,0,0,0,0,1,0,20200208,20200502
2020-M43_C-Dimanche-01,0,0,0,0,0,0,1,20200209,20200503
2020-M44_A2-Semaine-01,1,1,1,1,1,0,0,20200203,20200417
2020-M44_B2-Samedi-01,0,0,0,0,0,1,0,20200208,20200502
2020-M44_H2-Semaine-01,1,1,1,1,1,0,0,20200224,20200430
2020-M45_A2-Semaine-02,1,1,1,1,1,0,0,20200203,20200417
2020-M45_B2-Samedi-01,0,0,0,0,0,1,0,20200208,20200502
2020-M45_C2-Dimanche-01,0,0,0,0,0,0,1,20200209,20200503
2020-M45_H2-Semaine-02,1,1,1,1,1,0,0,20200224,20200430
2020-M46_A2-Semaine-01,1,1,1,1,1,0,0,20200203,20200430
2020-M46_B2-Samedi-01,0,0,0,0,0,1,0,20200208,20200502
2020-M47_A-Semaine-01,1,1,1,1,1,0,0,20200203,20200430
2020-M47_B-Samedi-01,0,0,0,0,0,1,0,20200208,20200502
2020-M47_C-Dimanche-02,0,0,0,0,0,0,1,20200301,20200301
2020-M47_C-Dimanche-01,0,0,0,0,0,0,1,20200405,20200503
2020-M49_A-Semaine-01,1,1,1,1,1,0,0,20200203,20200430
2020-M49_B-Samedi-01,0,0,0,0,0,1,0,20200208,20200502
2020-M58_A-Jeu-Ven-02,0,0,0,1,1,0,0,20200206,20200430
2020-M58_B-Samedi-02,0,0,0,0,0,1,0,20200208,20200502
2020-M58_C-Dimanche-02,0,0,0,0,0,0,1,20200412,20200412
2020-M68_B-Samedi-01,0,0,0,0,0,1,0,20200208,20200502
2020-M68_C-Dimanche-01,0,0,0,0,0,0,1,20200209,20200503
2020-M69_A-Semaine-02,1,1,1,1,1,0,0,20200203,20200331
2020-M69_B-Samedi-01,0,0,0,0,0,1,0,20200208,20200502
2020-M69_C-Dimanche-01,0,0,0,0,0,0,1,20200209,20200503
2020-M69_A-Semaine-01,1,1,1,1,1,0,0,20200401,20200430
2020-M71_A-Semaine-01,1,1,1,1,1,0,0,20200203,20200417
2020-M71_B-Samedi-01,0,0,0,0,0,1,0,20200208,20200502
2020-M71_C-Dimanche-01,0,0,0,0,0,0,1,20200209,20200503
2020-M71_H-Semaine-01,1,1,1,1,1,0,0,20200224,20200430
2020-M72_A2-Semaine-01,1,1,1,1,1,0,0,20200203,20200430
2020-M72_B2-Samedi-01,0,0,0,0,0,1,0,20200208,20200502
2020-M73_A-Semaine-01,1,1,1,1,1,0,0,20200203,20200430
2020-M73_B-Samedi-01,0,0,0,0,0,1,0,20200208,20200502
2020-M73_C-Dimanche-01,0,0,0,0,0,0,1,20200209,20200503
2020-M75_C-Dimanche-01,0,0,0,0,0,0,1,20200209,20200503
2020-M76_A-Semaine-01,1,1,1,1,1,0,0,20200203,20200430
2020-M76_B-Samedi-01,0,0,0,0,0,1,0,20200208,20200502
2020-M80_A-Semaine-01,1,1,1,1,1,0,0,20200203,20200430
2020-M80_A-Semaine-01-0010000,0,0,1,0,0,0,0,20200203,20200430
2020-M83_A2-Semaine-02,1,1,1,1,1,0,0,20200203,20200417
2020-M83_B2-Samedi-02,0,0,0,0,0,1,0,20200208,20200502
2020-M83_H2-Semaine-02,1,1,1,1,1,0,0,20200224,20200430
2020-M89_A-Semaine-01,1,1,1,1,1,0,0,20200203,20200430
2020-M89_B-Samedi-01,0,0,0,0,0,1,0,20200208,20200502
2020-M90_A-Semaine-02,1,1,1,1,1,0,0,20200203,20200430
2020-M90_A-Semaine-02-1111000,1,1,1,1,0,0,0,20200203,20200430
2020-M90_A-Semaine-02-0000100,0,0,0,0,1,0,0,20200203,20200430
2020-M90_A-Semaine-02-1101100,1,1,0,1,1,0,0,20200203,20200430
2020-M90_B-Samedi-02,0,0,0,0,0,1,0,20200208,20200502
2020-M90_C-Dimanche-02,0,0,0,0,0,0,1,20200209,20200503
2020-M91_A-Semaine-03,1,1,1,1,1,0,0,20200203,20200430
2020-M91_A-Semaine-03-1101100,1,1,0,1,1,0,0,20200203,20200430
2020-M91_A-Semaine-03-0010000,0,0,1,0,0,0,0,20200203,20200430
2020-M91_B-Samedi-02,0,0,0,0,0,1,0,20200208,20200502
2020-M91_C-Dimanche-02,0,0,0,0,0,0,1,20200209,20200503
2020-M93_A-Semaine-02,1,1,1,1,1,0,0,20200203,20200417
2020-M93_A-Semaine-02-0010000,0,0,1,0,0,0,0,20200203,20200417
2020-M93_A-Semaine-02-1101100,1,1,0,1,1,0,0,20200203,20200417
2020-M93_H-Semaine-01,1,1,1,1,1,0,0,20200224,20200430
2020-MAFFN_A-Lun-Mer-01,1,1,1,0,0,0,0,20200203,20200429
2020-MAFFN_A-Jeu-Ven-02,0,0,0,1,1,0,0,20200206,20200430
2020-MAFFN_A-Jeu-Ven-02-0001100,0,0,0,1,1,0,0,20200206,20200430
2020-MAFFN_B-Samedi-01,0,0,0,0,0,1,0,20200208,20200502
2020-MAFFN_C-Dimanche-01,0,0,0,0,0,0,1,20200209,20200503
2020-MAFFN_C-Dimanche-02,0,0,0,0,0,0,1,20200412,20200412
2020-MAFFS_A-Semaine-03,1,1,1,1,1,0,0,20200203,20200417
2020-MAFFS_A-Semaine-03-0010000,0,0,1,0,0,0,0,20200203,20200417
2020-MAFFS_A-Semaine-03-1101100,1,1,0,1,1,0,0,20200203,20200417
